18 50 9 25
2 2 2 3 3 2 0 2 0 3 2 3 2 2 4 2 3 3 4 3 1 3 1 3 4 3 3 2 3 0 4 0 3 0 3 3 3 3 2 1 4 0 0 1 1 0 4 3 2 
4 1 4 3 0 4 1 1 2 1 3 4 2 0 4 0 3 1 0 2 3 3 4 4 0 1 3 0 3 4 4 0 0 4 1 3 0 1 0 1 3 2 3 1 1 1 1 1 
2 0 0 3 0 2 4 3 1 4 3 4 3 4 2 4 1 3 2 4 4 2 1 1 3 4 4 1 0 3 4 0 2 1 3 2 2 2 3 3 2 0 4 2 4 4 4 
3 0 1 0 3 4 0 2 3 1 0 2 2 1 3 4 0 4 0 4 0 3 0 1 0 0 0 4 0 1 3 4 1 1 2 3 0 4 4 2 4 0 1 0 2 1 
0 3 3 1 0 4 3 2 1 2 4 2 3 2 0 3 4 1 4 2 3 1 3 4 2 3 4 1 0 0 3 4 1 3 1 4 4 2 2 2 1 1 4 4 0 
2 1 4 2 2 4 2 1 1 3 2 1 4 0 0 3 1 1 3 4 3 0 2 4 3 1 2 1 4 2 0 1 2 2 4 3 4 0 1 0 0 3 4 2 
3 4 2 4 1 4 1 2 0 4 0 1 4 2 0 4 2 3 0 2 1 0 1 1 0 1 1 0 1 2 1 1 1 2 3 3 1 1 1 2 4 1 0 
1 3 1 2 0 4 2 1 0 4 3 2 2 2 4 2 3 4 0 1 4 2 2 1 3 2 2 1 2 4 3 0 1 0 4 3 4 3 1 2 1 4 
2 0 4 4 4 3 0 0 4 0 4 2 2 3 4 3 3 3 3 1 1 4 0 3 2 1 1 1 0 3 1 0 0 3 4 1 4 1 1 4 3 
3 0 4 4 2 4 2 3 3 0 0 4 2 2 3 0 2 1 4 1 3 2 3 0 3 2 0 0 1 3 0 2 1 3 1 1 4 3 2 3 
2 3 4 0 0 0 4 1 1 0 3 1 2 2 3 0 4 1 0 2 3 4 2 2 3 0 0 4 1 4 1 4 1 4 2 1 2 4 1 
3 4 1 3 4 3 2 0 2 2 4 3 1 0 2 1 2 3 0 4 0 0 1 0 3 0 2 0 0 2 1 4 1 2 4 0 3 2 
2 0 4 3 1 0 3 1 0 4 0 2 2 0 1 3 2 4 2 4 4 2 3 1 2 1 0 2 4 1 0 3 3 0 4 3 4 
3 0 1 3 0 1 3 1 4 2 4 1 2 3 3 1 0 0 1 1 3 0 3 3 0 4 1 1 2 3 4 1 4 0 4 2 
2 4 2 4 4 0 3 0 0 0 3 1 1 3 1 2 1 2 2 3 3 3 3 2 1 2 0 1 4 4 3 2 0 3 0 
4 3 3 4 3 2 1 3 3 4 4 2 1 3 2 4 4 3 3 2 3 3 1 0 1 1 3 0 2 3 1 2 3 1 
3 4 1 3 4 2 1 0 3 1 1 4 3 4 3 4 1 1 4 4 1 2 3 1 4 2 4 0 1 3 2 1 2 
2 2 0 0 1 4 2 2 2 0 1 1 0 2 2 3 0 3 3 0 1 0 4 3 2 3 0 4 4 2 1 3 
3 4 2 3 2 2 0 4 4 2 2 1 2 3 0 4 3 1 0 1 4 0 3 1 0 3 4 2 1 4 0 
2 4 0 3 3 1 1 0 4 1 3 0 4 4 0 3 3 3 0 1 0 3 3 2 0 0 0 2 1 1 
1 1 0 2 0 0 4 1 4 0 2 0 3 0 2 2 2 4 1 2 3 3 3 3 3 1 0 4 0 
0 2 4 3 2 0 1 2 1 2 4 4 0 0 4 0 1 3 2 0 1 1 4 0 3 3 0 0 
3 3 3 4 2 3 1 4 2 1 3 1 0 0 1 0 1 4 4 4 4 0 0 3 0 4 4 
3 2 1 2 2 1 2 4 1 2 2 0 0 4 0 2 2 2 4 0 1 0 3 0 0 1 
4 2 2 2 2 0 1 0 1 4 4 2 1 0 0 1 0 0 0 3 3 2 3 2 0 
4 2 1 3 0 3 0 4 1 2 0 4 0 0 0 0 0 0 0 3 2 4 3 1 
0 4 0 1 2 0 2 0 0 3 0 0 2 0 3 4 2 3 2 0 0 0 2 
1 1 3 0 4 1 1 2 1 2 2 1 0 3 3 3 3 2 1 1 0 2 
2 2 2 2 0 1 0 4 1 4 3 3 2 3 3 1 0 0 2 2 1 
4 0 2 0 0 4 2 4 4 2 3 0 1 4 3 0 2 3 3 1 
1 0 2 4 4 4 2 2 0 1 4 1 0 1 3 3 0 2 4 
2 3 2 1 3 2 1 4 2 4 1 3 2 4 4 0 0 0 
4 0 4 0 0 1 3 4 4 1 4 0 0 3 3 2 2 
1 2 3 4 1 0 4 4 1 1 0 2 4 2 2 1 
0 4 1 0 3 3 1 3 4 2 1 3 4 4 0 
1 4 3 4 4 1 1 3 2 1 1 4 2 4 
1 2 2 1 2 4 4 2 1 1 2 3 3 
1 2 3 4 3 1 4 0 1 0 2 1 
4 3 3 4 3 3 3 1 1 4 2 
1 1 4 3 1 2 3 3 2 2 
0 0 0 4 4 2 4 4 1 
0 2 0 0 1 2 4 3 
4 1 2 2 2 0 0 
2 2 3 1 4 2 
4 1 4 1 2 
3 3 2 4 
4 1 0 
3 1 
4 

52
68
27
2
69
20
63
54
88
52
77
13
27
69
22
50
59
53
49
0
97
65
17
54
66
16
59
75
77
22
42
34
86
62
89
3
9
41
50
7
11
49
20
49
8
68
26
16
12
5

0 1 2 3 4 5 6 7 8 6 7 8 9 10 11 12 13 14 30 
1 0 1 2 3 4 5 6 7 7 8 9 10 11 12 13 14 15 30 
2 1 0 1 2 3 4 5 6 8 9 10 11 12 13 14 15 16 30 
3 2 1 0 1 2 3 4 5 9 10 11 12 13 14 15 16 17 30 
4 3 2 1 0 1 2 3 4 10 11 12 13 14 15 16 17 18 30 
5 4 3 2 1 0 1 2 3 11 12 13 14 15 16 17 18 19 30 
6 5 4 3 2 1 0 1 2 12 13 14 15 16 17 18 19 20 30 
7 6 5 4 3 2 1 0 1 13 14 15 16 17 18 19 20 21 30 
8 7 6 5 4 3 2 1 0 14 15 16 17 18 19 20 21 22 30 
6 7 8 9 10 11 12 13 14 0 1 2 3 4 5 6 7 8 30 
7 8 9 10 11 12 13 14 15 1 0 1 2 3 4 5 6 7 30 
8 9 10 11 12 13 14 15 16 2 1 0 1 2 3 4 5 6 30 
9 10 11 12 13 14 15 16 17 3 2 1 0 1 2 3 4 5 30 
10 11 12 13 14 15 16 17 18 4 3 2 1 0 1 2 3 4 30 
11 12 13 14 15 16 17 18 19 5 4 3 2 1 0 1 2 3 30 
12 13 14 15 16 17 18 19 20 6 5 4 3 2 1 0 1 2 30 
13 14 15 16 17 18 19 20 21 7 6 5 4 3 2 1 0 1 30 
14 15 16 17 18 19 20 21 22 8 7 6 5 4 3 2 1 0 30 
30 30 30 30 30 30 30 30 30 30 30 30 30 30 30 30 30 30 30 

3
 4
 5
 6
 7
 8
 9
 10
 11
 3
 4
 5
 6
 7
 8
 9
 10
 11
 30

1
 1
 1
 1
 1
 1
 1
 1
 1
 0
 0
 0
 0
 0
 0
 0
 0
 0

1
 0
 1
 0
 1
 0
 1
 0
 1
 0
 1
 0
 1
 0
 1
 0
 1
 0
 1
 0
 1
 0
 1
 0
 1
 0
 1
 0
 1
 0
 1
 0
 1
 0
 1
 0
 1
 0
 1
 0
 1
 0
 1
 0
 1
 0
 1
 0
 1
 0

1 0 51
2 0 55
3 5 60
4 8 39
5 11 45
6 14 59
7 35 76
8 42 96
9 45 78
10 73 126
11 73 121
12 78 122
13 82 120
14 85 115
15 87 131
16 89 120
17 91 128
18 93 140
19 98 152
20 106 165
21 110 158
22 122 176
23 127 184
24 134 180
25 143 184
26 149 209
27 162 202
28 163 193
29 172 229
30 173 229
31 177 232
32 182 219
33 182 225
34 183 227
35 184 233
36 197 231
37 201 235
38 213 248
39 244 279
40 246 300
41 251 289
42 257 316
43 260 296
44 270 302
45 271 317
46 272 331
47 287 339
48 288 324
49 292 330
50 294 324
