0   360 360 360 360 360 360 300 240 150 140 210 280 355 380 380 380 380 380 355 280 210 120 180 175 130 210 280 355 380 380 380 380 380 355 280 210 120 180 240 295 360 360 360 360 905 905 905 905 895 895 815 815 735 735 645 645 565 565 525 525 525 525 605 605 685 685 775 775 855 855 895 895 905 905
360 720 720 720 720 720 720 660 600 510 500 570 640 715 740 740 740 740 740 715 640 570 480 540 600 845 925 995 1070 1095 1095 1095 1095 1095 1070 995 925 835 895 955 1010 1075 1075 1075 1075 1445 1445 1445 1445 1435 1435 1355 1355 1275 1275 1185 1185 1105 1105 1065 1065 1065 1065 1145 1145 1225 1225 1315 1315 1395 1395 1435 1435 1445 1445
360 720 720 720 720 720 720 660 600 510 500 570 640 715 740 740 740 740 740 715 640 570 480 540 600 845 925 995 1070 1095 1095 1095 1095 1095 1070 995 925 835 895 955 1010 1075 1075 1075 1075 1445 1445 1445 1445 1435 1435 1355 1355 1275 1275 1185 1185 1105 1105 1065 1065 1065 1065 1145 1145 1225 1225 1315 1315 1395 1395 1435 1435 1445 1445
360 720 720 720 720 720 720 660 600 510 500 570 640 715 740 740 740 740 740 715 640 570 480 540 600 845 925 995 1070 1095 1095 1095 1095 1095 1070 995 925 835 895 955 1010 1075 1075 1075 1075 1445 1445 1445 1445 1435 1435 1355 1355 1275 1275 1185 1185 1105 1105 1065 1065 1065 1065 1145 1145 1225 1225 1315 1315 1395 1395 1435 1435 1445 1445
360 720 720 720 720 720 720 660 600 510 500 570 640 715 740 740 740 740 740 715 640 570 480 540 600 845 925 995 1070 1095 1095 1095 1095 1095 1070 995 925 835 895 955 1010 1075 1075 1075 1075 1445 1445 1445 1445 1435 1435 1355 1355 1275 1275 1185 1185 1105 1105 1065 1065 1065 1065 1145 1145 1225 1225 1315 1315 1395 1395 1435 1435 1445 1445
360 720 720 720 720 720 720 660 600 510 500 570 640 715 740 740 740 740 740 715 640 570 480 540 600 845 925 995 1070 1095 1095 1095 1095 1095 1070 995 925 835 895 955 1010 1075 1075 1075 1075 1445 1445 1445 1445 1435 1435 1355 1355 1275 1275 1185 1185 1105 1105 1065 1065 1065 1065 1145 1145 1225 1225 1315 1315 1395 1395 1435 1435 1445 1445
360 720 720 720 720 720 720 660 600 510 500 570 640 715 740 740 740 740 740 715 640 570 480 540 600 845 925 995 1070 1095 1095 1095 1095 1095 1070 995 925 835 895 955 1010 1075 1075 1075 1075 1445 1445 1445 1445 1435 1435 1355 1355 1275 1275 1185 1185 1105 1105 1065 1065 1065 1065 1145 1145 1225 1225 1315 1315 1395 1395 1435 1435 1445 1445
300 660 660 660 660 660 660 600 540 450 440 510 580 655 680 680 680 680 680 655 580 510 420 480 540 785 865 935 1010 1035 1035 1035 1035 1035 1010 935 865 775 835 895 950 1015 1015 1015 1015 1385 1385 1385 1385 1375 1375 1295 1295 1215 1215 1125 1125 1045 1045 1005 1005 1005 1005 1085 1085 1165 1165 1255 1255 1335 1335 1375 1375 1385 1385
240 600 600 600 600 600 600 540 480 390 380 450 520 595 620 620 620 620 620 595 520 450 360 420 480 725 805 875 950 975 975 975 975 975 950 875 805 715 775 835 890 955 955 955 955 1325 1325 1325 1325 1315 1315 1235 1235 1155 1155 1065 1065 985 985 945 945 945 945 1025 1025 1105 1105 1195 1195 1275 1275 1315 1315 1325 1325
150 510 510 510 510 510 510 450 390 300 290 360 430 505 530 530 530 530 530 505 430 360 270 330 390 635 715 785 860 885 885 885 885 885 860 785 715 625 685 745 800 865 865 865 865 1235 1235 1235 1235 1225 1225 1145 1145 1065 1065 975 975 895 895 855 855 855 855 935 935 1015 1015 1105 1105 1185 1185 1225 1225 1235 1235
140 500 500 500 500 500 500 440 380 290 280 350 420 495 520 520 520 520 520 495 420 350 260 320 380 625 705 775 850 875 875 875 875 875 850 775 705 615 675 735 790 855 855 855 855 1225 1225 1225 1225 1215 1215 1135 1135 1055 1055 965 965 885 885 845 845 845 845 925 925 1005 1005 1095 1095 1175 1175 1215 1215 1225 1225
210 570 570 570 570 570 570 510 450 360 350 420 490 565 590 590 590 590 590 565 490 420 330 390 450 695 775 845 920 945 945 945 945 945 920 845 775 685 745 805 860 925 925 925 925 1295 1295 1295 1295 1285 1285 1205 1205 1125 1125 1035 1035 955 955 915 915 915 915 995 995 1075 1075 1165 1165 1245 1245 1285 1285 1295 1295
280 640 640 640 640 640 640 580 520 430 420 490 560 635 660 660 660 660 660 635 560 490 400 460 520 765 845 915 990 1015 1015 1015 1015 1015 990 915 845 755 815 875 930 995 995 995 995 1365 1365 1365 1365 1355 1355 1275 1275 1195 1195 1105 1105 1025 1025 985 985 985 985 1065 1065 1145 1145 1235 1235 1315 1315 1355 1355 1365 1365
355 715 715 715 715 715 715 655 595 505 495 565 635 710 735 735 735 735 735 710 635 565 475 535 595 840 920 990 1065 1090 1090 1090 1090 1090 1065 990 920 830 890 950 1005 1070 1070 1070 1070 1440 1440 1440 1440 1430 1430 1350 1350 1270 1270 1180 1180 1100 1100 1060 1060 1060 1060 1140 1140 1220 1220 1310 1310 1390 1390 1430 1430 1440 1440
380 740 740 740 740 740 740 680 620 530 520 590 660 735 760 760 760 760 760 735 660 590 500 560 620 865 945 1015 1090 1115 1115 1115 1115 1115 1090 1015 945 855 915 975 1030 1095 1095 1095 1095 1465 1465 1465 1465 1455 1455 1375 1375 1295 1295 1205 1205 1125 1125 1085 1085 1085 1085 1165 1165 1245 1245 1335 1335 1415 1415 1455 1455 1465 1465
380 740 740 740 740 740 740 680 620 530 520 590 660 735 760 760 760 760 760 735 660 590 500 560 620 865 945 1015 1090 1115 1115 1115 1115 1115 1090 1015 945 855 915 975 1030 1095 1095 1095 1095 1465 1465 1465 1465 1455 1455 1375 1375 1295 1295 1205 1205 1125 1125 1085 1085 1085 1085 1165 1165 1245 1245 1335 1335 1415 1415 1455 1455 1465 1465
380 740 740 740 740 740 740 680 620 530 520 590 660 735 760 760 760 760 760 735 660 590 500 560 620 865 945 1015 1090 1115 1115 1115 1115 1115 1090 1015 945 855 915 975 1030 1095 1095 1095 1095 1465 1465 1465 1465 1455 1455 1375 1375 1295 1295 1205 1205 1125 1125 1085 1085 1085 1085 1165 1165 1245 1245 1335 1335 1415 1415 1455 1455 1465 1465
380 740 740 740 740 740 740 680 620 530 520 590 660 735 760 760 760 760 760 735 660 590 500 560 620 865 945 1015 1090 1115 1115 1115 1115 1115 1090 1015 945 855 915 975 1030 1095 1095 1095 1095 1465 1465 1465 1465 1455 1455 1375 1375 1295 1295 1205 1205 1125 1125 1085 1085 1085 1085 1165 1165 1245 1245 1335 1335 1415 1415 1455 1455 1465 1465
380 740 740 740 740 740 740 680 620 530 520 590 660 735 760 760 760 760 760 735 660 590 500 560 620 865 945 1015 1090 1115 1115 1115 1115 1115 1090 1015 945 855 915 975 1030 1095 1095 1095 1095 1465 1465 1465 1465 1455 1455 1375 1375 1295 1295 1205 1205 1125 1125 1085 1085 1085 1085 1165 1165 1245 1245 1335 1335 1415 1415 1455 1455 1465 1465
355 715 715 715 715 715 715 655 595 505 495 565 635 710 735 735 735 735 735 710 635 565 475 535 595 840 920 990 1065 1090 1090 1090 1090 1090 1065 990 920 830 890 950 1005 1070 1070 1070 1070 1440 1440 1440 1440 1430 1430 1350 1350 1270 1270 1180 1180 1100 1100 1060 1060 1060 1060 1140 1140 1220 1220 1310 1310 1390 1390 1430 1430 1440 1440
280 640 640 640 640 640 640 580 520 430 420 490 560 635 660 660 660 660 660 635 560 490 400 460 520 765 845 915 990 1015 1015 1015 1015 1015 990 915 845 755 815 875 930 995 995 995 995 1365 1365 1365 1365 1355 1355 1275 1275 1195 1195 1105 1105 1025 1025 985 985 985 985 1065 1065 1145 1145 1235 1235 1315 1315 1355 1355 1365 1365
210 570 570 570 570 570 570 510 450 360 350 420 490 565 590 590 590 590 590 565 490 420 330 390 450 695 775 845 920 945 945 945 945 945 920 845 775 685 745 805 860 925 925 925 925 1295 1295 1295 1295 1285 1285 1205 1205 1125 1125 1035 1035 955 955 915 915 915 915 995 995 1075 1075 1165 1165 1245 1245 1285 1285 1295 1295
120 480 480 480 480 480 480 420 360 270 260 330 400 475 500 500 500 500 500 475 400 330 240 300 360 430 510 580 655 680 680 680 680 680 655 580 510 420 480 540 595 660 660 660 660 1205 1205 1205 1205 1195 1195 1115 1115 1035 1035 945 945 865 865 825 825 825 825 905 905 985 985 1075 1075 1155 1155 1195 1195 1205 1205
180 540 540 540 540 540 540 480 420 330 320 390 460 535 560 560 560 560 560 535 460 390 300 360 420 370 450 520 595 620 620 620 620 620 595 520 450 360 420 480 535 600 600 600 600 1265 1265 1265 1265 1255 1255 1175 1175 1095 1095 1005 1005 925 925 885 885 885 885 965 965 1045 1045 1135 1135 1215 1215 1255 1255 1265 1265
175 600 600 600 600 600 600 540 480 390 380 450 520 595 620 620 620 620 620 595 520 450 475 410 350 305 385 455 530 555 555 555 555 555 530 455 385 295 355 415 470 535 535 535 535 1260 1260 1260 1260 1250 1250 1170 1170 1090 1090 1000 1000 920 920 880 880 880 880 960 960 1040 1040 1130 1130 1210 1210 1250 1250 1260 1260
130 845 845 845 845 845 845 785 725 635 625 695 765 840 865 865 865 865 865 840 765 695 430 370 305 260 340 410 485 510 510 510 510 510 485 410 340 250 310 370 425 490 490 490 490 1215 1215 1215 1215 1205 1205 1125 1125 1045 1045 955 955 875 875 835 835 835 835 915 915 995 995 1085 1085 1165 1165 1205 1205 1215 1215
210 925 925 925 925 925 925 865 805 715 705 775 845 920 945 945 945 945 945 920 845 775 510 450 385 340 420 490 565 590 590 590 590 590 565 490 420 330 390 450 505 570 570 570 570 1295 1295 1295 1295 1285 1285 1205 1205 1125 1125 1035 1035 955 955 915 915 915 915 995 995 1075 1075 1165 1165 1245 1245 1285 1285 1295 1295
280 995 995 995 995 995 995 935 875 785 775 845 915 990 1015 1015 1015 1015 1015 990 915 845 580 520 455 410 490 560 635 660 660 660 660 660 635 560 490 400 460 520 575 640 640 640 640 1365 1365 1365 1365 1355 1355 1275 1275 1195 1195 1105 1105 1025 1025 985 985 985 985 1065 1065 1145 1145 1235 1235 1315 1315 1355 1355 1365 1365
355 1070 1070 1070 1070 1070 1070 1010 950 860 850 920 990 1065 1090 1090 1090 1090 1090 1065 990 920 655 595 530 485 565 635 710 735 735 735 735 735 710 635 565 475 535 595 650 715 715 715 715 1440 1440 1440 1440 1430 1430 1350 1350 1270 1270 1180 1180 1100 1100 1060 1060 1060 1060 1140 1140 1220 1220 1310 1310 1390 1390 1430 1430 1440 1440
380 1095 1095 1095 1095 1095 1095 1035 975 885 875 945 1015 1090 1115 1115 1115 1115 1115 1090 1015 945 680 620 555 510 590 660 735 760 760 760 760 760 735 660 590 500 560 620 675 740 740 740 740 1465 1465 1465 1465 1455 1455 1375 1375 1295 1295 1205 1205 1125 1125 1085 1085 1085 1085 1165 1165 1245 1245 1335 1335 1415 1415 1455 1455 1465 1465
380 1095 1095 1095 1095 1095 1095 1035 975 885 875 945 1015 1090 1115 1115 1115 1115 1115 1090 1015 945 680 620 555 510 590 660 735 760 760 760 760 760 735 660 590 500 560 620 675 740 740 740 740 1465 1465 1465 1465 1455 1455 1375 1375 1295 1295 1205 1205 1125 1125 1085 1085 1085 1085 1165 1165 1245 1245 1335 1335 1415 1415 1455 1455 1465 1465
380 1095 1095 1095 1095 1095 1095 1035 975 885 875 945 1015 1090 1115 1115 1115 1115 1115 1090 1015 945 680 620 555 510 590 660 735 760 760 760 760 760 735 660 590 500 560 620 675 740 740 740 740 1465 1465 1465 1465 1455 1455 1375 1375 1295 1295 1205 1205 1125 1125 1085 1085 1085 1085 1165 1165 1245 1245 1335 1335 1415 1415 1455 1455 1465 1465
380 1095 1095 1095 1095 1095 1095 1035 975 885 875 945 1015 1090 1115 1115 1115 1115 1115 1090 1015 945 680 620 555 510 590 660 735 760 760 760 760 760 735 660 590 500 560 620 675 740 740 740 740 1465 1465 1465 1465 1455 1455 1375 1375 1295 1295 1205 1205 1125 1125 1085 1085 1085 1085 1165 1165 1245 1245 1335 1335 1415 1415 1455 1455 1465 1465
380 1095 1095 1095 1095 1095 1095 1035 975 885 875 945 1015 1090 1115 1115 1115 1115 1115 1090 1015 945 680 620 555 510 590 660 735 760 760 760 760 760 735 660 590 500 560 620 675 740 740 740 740 1465 1465 1465 1465 1455 1455 1375 1375 1295 1295 1205 1205 1125 1125 1085 1085 1085 1085 1165 1165 1245 1245 1335 1335 1415 1415 1455 1455 1465 1465
355 1070 1070 1070 1070 1070 1070 1010 950 860 850 920 990 1065 1090 1090 1090 1090 1090 1065 990 920 655 595 530 485 565 635 710 735 735 735 735 735 710 635 565 475 535 595 650 715 715 715 715 1440 1440 1440 1440 1430 1430 1350 1350 1270 1270 1180 1180 1100 1100 1060 1060 1060 1060 1140 1140 1220 1220 1310 1310 1390 1390 1430 1430 1440 1440
280 995 995 995 995 995 995 935 875 785 775 845 915 990 1015 1015 1015 1015 1015 990 915 845 580 520 455 410 490 560 635 660 660 660 660 660 635 560 490 400 460 520 575 640 640 640 640 1365 1365 1365 1365 1355 1355 1275 1275 1195 1195 1105 1105 1025 1025 985 985 985 985 1065 1065 1145 1145 1235 1235 1315 1315 1355 1355 1365 1365
210 925 925 925 925 925 925 865 805 715 705 775 845 920 945 945 945 945 945 920 845 775 510 450 385 340 420 490 565 590 590 590 590 590 565 490 420 330 390 450 505 570 570 570 570 1295 1295 1295 1295 1285 1285 1205 1205 1125 1125 1035 1035 955 955 915 915 915 915 995 995 1075 1075 1165 1165 1245 1245 1285 1285 1295 1295
120 835 835 835 835 835 835 775 715 625 615 685 755 830 855 855 855 855 855 830 755 685 420 360 295 250 330 400 475 500 500 500 500 500 475 400 330 240 300 360 415 480 480 480 480 1205 1205 1205 1205 1195 1195 1115 1115 1035 1035 945 945 865 865 825 825 825 825 905 905 985 985 1075 1075 1155 1155 1195 1195 1205 1205
180 895 895 895 895 895 895 835 775 685 675 745 815 890 915 915 915 915 915 890 815 745 480 420 355 310 390 460 535 560 560 560 560 560 535 460 390 300 360 420 475 540 540 540 540 1265 1265 1265 1265 1255 1255 1175 1175 1095 1095 1005 1005 925 925 885 885 885 885 965 965 1045 1045 1135 1135 1215 1215 1255 1255 1265 1265
240 955 955 955 955 955 955 895 835 745 735 805 875 950 975 975 975 975 975 950 875 805 540 480 415 370 450 520 595 620 620 620 620 620 595 520 450 360 420 480 535 600 600 600 600 1325 1325 1325 1325 1315 1315 1235 1235 1155 1155 1065 1065 985 985 945 945 945 945 1025 1025 1105 1105 1195 1195 1275 1275 1315 1315 1325 1325
295 1010 1010 1010 1010 1010 1010 950 890 800 790 860 930 1005 1030 1030 1030 1030 1030 1005 930 860 595 535 470 425 505 575 650 675 675 675 675 675 650 575 505 415 475 535 590 655 655 655 655 1380 1380 1380 1380 1370 1370 1290 1290 1210 1210 1120 1120 1040 1040 1000 1000 1000 1000 1080 1080 1160 1160 1250 1250 1330 1330 1370 1370 1380 1380
360 1075 1075 1075 1075 1075 1075 1015 955 865 855 925 995 1070 1095 1095 1095 1095 1095 1070 995 925 660 600 535 490 570 640 715 740 740 740 740 740 715 640 570 480 540 600 655 720 720 720 720 1445 1445 1445 1445 1435 1435 1355 1355 1275 1275 1185 1185 1105 1105 1065 1065 1065 1065 1145 1145 1225 1225 1315 1315 1395 1395 1435 1435 1445 1445
360 1075 1075 1075 1075 1075 1075 1015 955 865 855 925 995 1070 1095 1095 1095 1095 1095 1070 995 925 660 600 535 490 570 640 715 740 740 740 740 740 715 640 570 480 540 600 655 720 720 720 720 1445 1445 1445 1445 1435 1435 1355 1355 1275 1275 1185 1185 1105 1105 1065 1065 1065 1065 1145 1145 1225 1225 1315 1315 1395 1395 1435 1435 1445 1445
360 1075 1075 1075 1075 1075 1075 1015 955 865 855 925 995 1070 1095 1095 1095 1095 1095 1070 995 925 660 600 535 490 570 640 715 740 740 740 740 740 715 640 570 480 540 600 655 720 720 720 720 1445 1445 1445 1445 1435 1435 1355 1355 1275 1275 1185 1185 1105 1105 1065 1065 1065 1065 1145 1145 1225 1225 1315 1315 1395 1395 1435 1435 1445 1445
360 1075 1075 1075 1075 1075 1075 1015 955 865 855 925 995 1070 1095 1095 1095 1095 1095 1070 995 925 660 600 535 490 570 640 715 740 740 740 740 740 715 640 570 480 540 600 655 720 720 720 720 1445 1445 1445 1445 1435 1435 1355 1355 1275 1275 1185 1185 1105 1105 1065 1065 1065 1065 1145 1145 1225 1225 1315 1315 1395 1395 1435 1435 1445 1445
905 1445 1445 1445 1445 1445 1445 1385 1325 1235 1225 1295 1365 1440 1465 1465 1465 1465 1465 1440 1365 1295 1205 1265 1260 1215 1295 1365 1440 1465 1465 1465 1465 1465 1440 1365 1295 1205 1265 1325 1380 1445 1445 1445 1445 820 820 820 820 810 810 730 730 650 650 560 560 480 480 440 440 440 440 520 520 600 600 690 690 770 770 810 810 820 820
905 1445 1445 1445 1445 1445 1445 1385 1325 1235 1225 1295 1365 1440 1465 1465 1465 1465 1465 1440 1365 1295 1205 1265 1260 1215 1295 1365 1440 1465 1465 1465 1465 1465 1440 1365 1295 1205 1265 1325 1380 1445 1445 1445 1445 820 820 820 820 810 810 730 730 650 650 560 560 480 480 440 440 440 440 520 520 600 600 690 690 770 770 810 810 820 820
905 1445 1445 1445 1445 1445 1445 1385 1325 1235 1225 1295 1365 1440 1465 1465 1465 1465 1465 1440 1365 1295 1205 1265 1260 1215 1295 1365 1440 1465 1465 1465 1465 1465 1440 1365 1295 1205 1265 1325 1380 1445 1445 1445 1445 820 820 820 820 810 810 730 730 650 650 560 560 480 480 440 440 440 440 520 520 600 600 690 690 770 770 810 810 820 820
905 1445 1445 1445 1445 1445 1445 1385 1325 1235 1225 1295 1365 1440 1465 1465 1465 1465 1465 1440 1365 1295 1205 1265 1260 1215 1295 1365 1440 1465 1465 1465 1465 1465 1440 1365 1295 1205 1265 1325 1380 1445 1445 1445 1445 820 820 820 820 810 810 730 730 650 650 560 560 480 480 440 440 440 440 520 520 600 600 690 690 770 770 810 810 820 820
895 1435 1435 1435 1435 1435 1435 1375 1315 1225 1215 1285 1355 1430 1455 1455 1455 1455 1455 1430 1355 1285 1195 1255 1250 1205 1285 1355 1430 1455 1455 1455 1455 1455 1430 1355 1285 1195 1255 1315 1370 1435 1435 1435 1435 810 810 810 810 800 800 720 720 640 640 550 550 470 470 430 430 430 430 510 510 590 590 680 680 760 760 800 800 810 810
895 1435 1435 1435 1435 1435 1435 1375 1315 1225 1215 1285 1355 1430 1455 1455 1455 1455 1455 1430 1355 1285 1195 1255 1250 1205 1285 1355 1430 1455 1455 1455 1455 1455 1430 1355 1285 1195 1255 1315 1370 1435 1435 1435 1435 810 810 810 810 800 800 720 720 640 640 550 550 470 470 430 430 430 430 510 510 590 590 680 680 760 760 800 800 810 810
815 1355 1355 1355 1355 1355 1355 1295 1235 1145 1135 1205 1275 1350 1375 1375 1375 1375 1375 1350 1275 1205 1115 1175 1170 1125 1205 1275 1350 1375 1375 1375 1375 1375 1350 1275 1205 1115 1175 1235 1290 1355 1355 1355 1355 730 730 730 730 720 720 640 640 560 560 470 470 390 390 350 350 350 350 430 430 510 510 600 600 680 680 720 720 730 730
815 1355 1355 1355 1355 1355 1355 1295 1235 1145 1135 1205 1275 1350 1375 1375 1375 1375 1375 1350 1275 1205 1115 1175 1170 1125 1205 1275 1350 1375 1375 1375 1375 1375 1350 1275 1205 1115 1175 1235 1290 1355 1355 1355 1355 730 730 730 730 720 720 640 640 560 560 470 470 390 390 350 350 350 350 430 430 510 510 600 600 680 680 720 720 730 730
735 1275 1275 1275 1275 1275 1275 1215 1155 1065 1055 1125 1195 1270 1295 1295 1295 1295 1295 1270 1195 1125 1035 1095 1090 1045 1125 1195 1270 1295 1295 1295 1295 1295 1270 1195 1125 1035 1095 1155 1210 1275 1275 1275 1275 650 650 650 650 640 640 560 560 480 480 390 390 310 310 270 270 270 270 350 350 430 430 520 520 600 600 640 640 650 650
735 1275 1275 1275 1275 1275 1275 1215 1155 1065 1055 1125 1195 1270 1295 1295 1295 1295 1295 1270 1195 1125 1035 1095 1090 1045 1125 1195 1270 1295 1295 1295 1295 1295 1270 1195 1125 1035 1095 1155 1210 1275 1275 1275 1275 650 650 650 650 640 640 560 560 480 480 390 390 310 310 270 270 270 270 350 350 430 430 520 520 600 600 640 640 650 650
645 1185 1185 1185 1185 1185 1185 1125 1065 975 965 1035 1105 1180 1205 1205 1205 1205 1205 1180 1105 1035 945 1005 1000 955 1035 1105 1180 1205 1205 1205 1205 1205 1180 1105 1035 945 1005 1065 1120 1185 1185 1185 1185 560 560 560 560 550 550 470 470 390 390 300 300 220 220 180 180 180 180 260 260 340 340 430 430 510 510 550 550 560 560
645 1185 1185 1185 1185 1185 1185 1125 1065 975 965 1035 1105 1180 1205 1205 1205 1205 1205 1180 1105 1035 945 1005 1000 955 1035 1105 1180 1205 1205 1205 1205 1205 1180 1105 1035 945 1005 1065 1120 1185 1185 1185 1185 560 560 560 560 550 550 470 470 390 390 300 300 220 220 180 180 180 180 260 260 340 340 430 430 510 510 550 550 560 560
565 1105 1105 1105 1105 1105 1105 1045 985 895 885 955 1025 1100 1125 1125 1125 1125 1125 1100 1025 955 865 925 920 875 955 1025 1100 1125 1125 1125 1125 1125 1100 1025 955 865 925 985 1040 1105 1105 1105 1105 480 480 480 480 470 470 390 390 310 310 220 220 140 140 100 100 100 100 180 180 260 260 350 350 430 430 470 470 480 480
565 1105 1105 1105 1105 1105 1105 1045 985 895 885 955 1025 1100 1125 1125 1125 1125 1125 1100 1025 955 865 925 920 875 955 1025 1100 1125 1125 1125 1125 1125 1100 1025 955 865 925 985 1040 1105 1105 1105 1105 480 480 480 480 470 470 390 390 310 310 220 220 140 140 100 100 100 100 180 180 260 260 350 350 430 430 470 470 480 480
525 1065 1065 1065 1065 1065 1065 1005 945 855 845 915 985 1060 1085 1085 1085 1085 1085 1060 985 915 825 885 880 835 915 985 1060 1085 1085 1085 1085 1085 1060 985 915 825 885 945 1000 1065 1065 1065 1065 440 440 440 440 430 430 350 350 270 270 180 180 100 100 60 60 60 60 140 140 220 220 310 310 390 390 430 430 440 440
525 1065 1065 1065 1065 1065 1065 1005 945 855 845 915 985 1060 1085 1085 1085 1085 1085 1060 985 915 825 885 880 835 915 985 1060 1085 1085 1085 1085 1085 1060 985 915 825 885 945 1000 1065 1065 1065 1065 440 440 440 440 430 430 350 350 270 270 180 180 100 100 60 60 60 60 140 140 220 220 310 310 390 390 430 430 440 440
525 1065 1065 1065 1065 1065 1065 1005 945 855 845 915 985 1060 1085 1085 1085 1085 1085 1060 985 915 825 885 880 835 915 985 1060 1085 1085 1085 1085 1085 1060 985 915 825 885 945 1000 1065 1065 1065 1065 440 440 440 440 430 430 350 350 270 270 180 180 100 100 60 60 60 60 140 140 220 220 310 310 390 390 430 430 440 440
525 1065 1065 1065 1065 1065 1065 1005 945 855 845 915 985 1060 1085 1085 1085 1085 1085 1060 985 915 825 885 880 835 915 985 1060 1085 1085 1085 1085 1085 1060 985 915 825 885 945 1000 1065 1065 1065 1065 440 440 440 440 430 430 350 350 270 270 180 180 100 100 60 60 60 60 140 140 220 220 310 310 390 390 430 430 440 440
605 1145 1145 1145 1145 1145 1145 1085 1025 935 925 995 1065 1140 1165 1165 1165 1165 1165 1140 1065 995 905 965 960 915 995 1065 1140 1165 1165 1165 1165 1165 1140 1065 995 905 965 1025 1080 1145 1145 1145 1145 520 520 520 520 510 510 430 430 350 350 260 260 180 180 140 140 140 140 220 220 300 300 390 390 470 470 510 510 520 520
605 1145 1145 1145 1145 1145 1145 1085 1025 935 925 995 1065 1140 1165 1165 1165 1165 1165 1140 1065 995 905 965 960 915 995 1065 1140 1165 1165 1165 1165 1165 1140 1065 995 905 965 1025 1080 1145 1145 1145 1145 520 520 520 520 510 510 430 430 350 350 260 260 180 180 140 140 140 140 220 220 300 300 390 390 470 470 510 510 520 520
685 1225 1225 1225 1225 1225 1225 1165 1105 1015 1005 1075 1145 1220 1245 1245 1245 1245 1245 1220 1145 1075 985 1045 1040 995 1075 1145 1220 1245 1245 1245 1245 1245 1220 1145 1075 985 1045 1105 1160 1225 1225 1225 1225 600 600 600 600 590 590 510 510 430 430 340 340 260 260 220 220 220 220 300 300 380 380 470 470 550 550 590 590 600 600
685 1225 1225 1225 1225 1225 1225 1165 1105 1015 1005 1075 1145 1220 1245 1245 1245 1245 1245 1220 1145 1075 985 1045 1040 995 1075 1145 1220 1245 1245 1245 1245 1245 1220 1145 1075 985 1045 1105 1160 1225 1225 1225 1225 600 600 600 600 590 590 510 510 430 430 340 340 260 260 220 220 220 220 300 300 380 380 470 470 550 550 590 590 600 600
775 1315 1315 1315 1315 1315 1315 1255 1195 1105 1095 1165 1235 1310 1335 1335 1335 1335 1335 1310 1235 1165 1075 1135 1130 1085 1165 1235 1310 1335 1335 1335 1335 1335 1310 1235 1165 1075 1135 1195 1250 1315 1315 1315 1315 690 690 690 690 680 680 600 600 520 520 430 430 350 350 310 310 310 310 390 390 470 470 560 560 640 640 680 680 690 690
775 1315 1315 1315 1315 1315 1315 1255 1195 1105 1095 1165 1235 1310 1335 1335 1335 1335 1335 1310 1235 1165 1075 1135 1130 1085 1165 1235 1310 1335 1335 1335 1335 1335 1310 1235 1165 1075 1135 1195 1250 1315 1315 1315 1315 690 690 690 690 680 680 600 600 520 520 430 430 350 350 310 310 310 310 390 390 470 470 560 560 640 640 680 680 690 690
855 1395 1395 1395 1395 1395 1395 1335 1275 1185 1175 1245 1315 1390 1415 1415 1415 1415 1415 1390 1315 1245 1155 1215 1210 1165 1245 1315 1390 1415 1415 1415 1415 1415 1390 1315 1245 1155 1215 1275 1330 1395 1395 1395 1395 770 770 770 770 760 760 680 680 600 600 510 510 430 430 390 390 390 390 470 470 550 550 640 640 720 720 760 760 770 770
855 1395 1395 1395 1395 1395 1395 1335 1275 1185 1175 1245 1315 1390 1415 1415 1415 1415 1415 1390 1315 1245 1155 1215 1210 1165 1245 1315 1390 1415 1415 1415 1415 1415 1390 1315 1245 1155 1215 1275 1330 1395 1395 1395 1395 770 770 770 770 760 760 680 680 600 600 510 510 430 430 390 390 390 390 470 470 550 550 640 640 720 720 760 760 770 770
895 1435 1435 1435 1435 1435 1435 1375 1315 1225 1215 1285 1355 1430 1455 1455 1455 1455 1455 1430 1355 1285 1195 1255 1250 1205 1285 1355 1430 1455 1455 1455 1455 1455 1430 1355 1285 1195 1255 1315 1370 1435 1435 1435 1435 810 810 810 810 800 800 720 720 640 640 550 550 470 470 430 430 430 430 510 510 590 590 680 680 760 760 800 800 810 810
895 1435 1435 1435 1435 1435 1435 1375 1315 1225 1215 1285 1355 1430 1455 1455 1455 1455 1455 1430 1355 1285 1195 1255 1250 1205 1285 1355 1430 1455 1455 1455 1455 1455 1430 1355 1285 1195 1255 1315 1370 1435 1435 1435 1435 810 810 810 810 800 800 720 720 640 640 550 550 470 470 430 430 430 430 510 510 590 590 680 680 760 760 800 800 810 810
905 1445 1445 1445 1445 1445 1445 1385 1325 1235 1225 1295 1365 1440 1465 1465 1465 1465 1465 1440 1365 1295 1205 1265 1260 1215 1295 1365 1440 1465 1465 1465 1465 1465 1440 1365 1295 1205 1265 1325 1380 1445 1445 1445 1445 820 820 820 820 810 810 730 730 650 650 560 560 480 480 440 440 440 440 520 520 600 600 690 690 770 770 810 810 820 820
905 1445 1445 1445 1445 1445 1445 1385 1325 1235 1225 1295 1365 1440 1465 1465 1465 1465 1465 1440 1365 1295 1205 1265 1260 1215 1295 1365 1440 1465 1465 1465 1465 1465 1440 1365 1295 1205 1265 1325 1380 1445 1445 1445 1445 820 820 820 820 810 810 730 730 650 650 560 560 480 480 440 440 440 440 520 520 600 600 690 690 770 770 810 810 820 820
